FR,avg_exc,avg_inh,max_exc,max_inh,num_exc,num_inh
13,0.01218056135177998,0.005176013231650748,0.013891108377178689,0.008729115983010849,18,54
24,0.012130354559541869,0.005197152599769936,0.013414415320086394,0.007909990275124637,22,32
23,0.012181753536490664,0.004731449823111767,0.013949077724111917,0.0075452915257978054,23,41
28,0.012000469295136993,0.004965035988068773,0.014450745536731511,0.007216183617739478,50,46
10,0.012178567288901791,0.005095571778742646,0.013609430472034043,0.008082856327955069,11,49
13,0.012103727013849817,0.00497045662039906,0.013819609643376453,0.007414629662519667,15,41
13,0.012429641711531167,0.0051617693589883955,0.013970105947870163,0.0069840580858240905,14,48
17,0.011969583100526905,0.005061342045369392,0.01392379564175016,0.007365428843036571,31,45
21,0.012114945734793369,0.005017179236624121,0.014059224988842439,0.007316779960939741,24,34
15,0.011598446616821002,0.0052034177733729405,0.012812179423798432,0.007900465138416728,11,42
